4294967279,65
4294967279,460
4294967279,412
4294967279,0
4294967278,372
4294967279,239
4294967278,348
4294967279,385
4294967278,235
4294967279,235
4294967279,444
4294967278,314
4294967279,226
4294967279,63
4294967279,51
4294967279,42
4294967279,41
4294967279,40
4294967279,39
4294967279,36
4294967279,34
4294967279,31
4294967278,221
4294967279,384
4294967294,68
4294967294,12
4294967294,11
4294967279,210
4294967278,205
4294967279,431
4294967279,202
4294967278,200
4294967278,199
4294967279,200
4294967278,198
4294967279,199
4294967294,22
4294967294,17
4294967294,99
4294967294,76
4294967294,988
4294967294,1421
4294967294,971
4294967294,150
4294967294,186
4294967294,0
4294967294,81
4294967294,50
4294967294,67
4294967279,191
4294967294,38
4294967294,37
4294967294,40
4294967294,1423
4294967294,45
4294967294,430
4294967294,44
4294967294,53
4294967294,52
4294967294,1021
4294967294,1018
4294967294,29
4294967294,987
4294967294,28
4294967294,1
4294967294,2
4294967294,27
4294967294,1019
4294967294,26
4294967294,92
4294967294,91
4294967294,90
4294967294,88
4294967294,87
4294967294,86
4294967294,85
4294967294,84
4294967294,41
4294967294,36
4294967294,39
4294967294,1420
4294967294,43
4294967294,418
4294967294,51
4294967294,25
4294967294,46
4294967294,1037
4294967294,1034
4294967294,82
4294967279,414
4294967278,333
4294967294,6
4294967294,94
4294967294,96
4294967294,93
4294967294,95
4294967294,42
0,5
4294967294,9
4294967294,8
4294967294,1419
4294967294,83
4294967278,132
4294967278,374
4294967278,131
4294967278,130
4294967278,129
4294967278,128
4294967278,127
4294967278,126
4294967278,125
4294967278,124
4294967278,123
4294967278,122
4294967278,121
4294967278,120
4294967278,119
4294967278,245
4294967278,118
4294967278,117
4294967278,241
4294967278,116
4294967278,115
4294967278,114
4294967278,113
4294967278,112
4294967278,111
4294967278,110
4294967278,109
4294967278,227
4294967278,108
4294967278,107
4294967278,106
4294967278,105
4294967278,104
4294967278,103
4294967278,102
4294967278,101
4294967278,100
4294967278,99
4294967278,98
4294967278,97
4294967278,96
4294967278,95
4294967278,94
4294967278,93
4294967278,92
4294967278,91
4294967278,90
4294967278,89
4294967278,303
4294967278,87
4294967278,86
4294967278,379
4294967278,85
4294967278,308
4294967278,84
4294967278,83
4294967278,82
4294967278,81
4294967278,80
4294967278,360
4294967278,79
4294967278,78
4294967278,77
4294967278,76
4294967278,75
4294967278,74
4294967278,72
4294967278,71
4294967278,70
4294967278,69
4294967278,65
4294967278,63
4294967278,0
4294967278,260
4294967279,429
4294967279,83
4294967279,80
4294967279,79
4294967279,443
4294967279,75
4294967279,70
4294967279,62
4294967279,61
4294967279,60
4294967279,58
4294967279,55
4294967279,52
4294967279,47
4294967279,43
4294967279,37
4294967279,35
4294967279,33
4294967279,32
4294967279,29
4294967279,26
4294967279,23
4294967279,16
4294967279,14
4294967279,13
4294967279,11
4294967279,9
4294967279,8
4294967279,6
4294967279,4
4294967278,73
4294967278,358
184,5
184,4
184,3
184,2
184,1
4294967278,68
4294967278,67
4294967279,67
4294967279,426
4294967278,66
4294967278,366
4294967278,64
4294967278,301
4294967279,178
4294967278,62
4294967279,304
4294967278,168
4294967278,167
4294967279,54
181,7
4294967278,352
4294967279,464
4294967278,297
4294967279,300
4294967278,351
4294967279,48
4294967279,439
4294967279,406
4294967278,296
4294967278,155
181,6
181,5
181,4
181,3
181,2
181,1
4294967278,153
4294967279,296
4294967279,260
4294967279,38
4294967294,494
4294967279,148
4294967279,456
4294967279,145
4294967279,144
4294967278,140
4294967279,140
4294967278,139
4294967278,346
4294967294,989
4294967294,400
4294967294,416
4294967294,1016
4294967294,452
4294967294,455
4294967294,468
4294967278,135
4294967279,278
4294967278,345
4294967278,275
178,5
4294967278,134
4294967278,133
178,4
4294967279,291
178,3
178,2
178,1
4294967279,400
4294967278,272
4294967278,271
4294967279,272
4294967278,270
4294967278,340
4294967279,18
4294967279,401
4294967278,269
177,5
4294967278,282
177,4
4294967278,266
177,3
177,2
177,1
4294967278,265
4294967279,287
4294967278,263
4294967279,12
4294967279,398
4294967278,322
4294967278,279
176,5
4294967279,7
4294967278,278
4294967279,264
4294967278,261
176,4
4294967279,263
176,3
176,2
176,1
4294967279,394
4294967278,259
4294967294,493
4294967278,258
4294967294,439
4294967294,5
4294967294,1424
4294967279,5
4294967278,392
4294967279,419
4294967279,392
4294967279,391
4294967278,317
4294967279,434
4294967279,417
175,5
4294967278,316
175,4
4294967279,418
175,3
175,2
175,1
4294967279,390
4294967294,1422
4294967279,254
4294967278,403
4294967279,463
4294967279,388
174,5
4294967279,253
4294967278,252
4294967279,250
174,4
4294967278,250
174,3
174,2
174,1
4294967278,249
4294967279,249
4294967279,248
4294967278,242
4294967279,246
4294967279,247
4294967279,244
173,6
4294967279,238
4294967279,241
4294967279,386
173,5
4294967279,237
4294967279,236
173,4
173,3
173,2
173,1
4294967278,233
4294967279,234
4294967294,982
4294967294,163
4294967294,975
4294967294,1029
4294967279,232
4294967279,230
4294967279,231
